

[38;2;40;210;80m╭[38;2;56;211;75m─[38;2;72;213;70m─[38;5;244m[3m51e977df-b46f-40d9-82b0-eb9ded60…[23m[38;2;224;52;46m─[38;2;204;204;0m▗[38;2;204;198;0m▄[38;2;204;192;0m▄[38;2;204;187;0m▄[38;2;204;181;0m▄[38;2;204;176;0m▄[38;2;204;170;0m▄[38;2;204;165;0m▄[38;2;204;159;0m▄[38;2;204;154;0m▄[38;2;204;148;0m▄[38;2;204;143;0m▄[38;2;204;137;0m▄[38;2;204;132;0m▖[0m
[38;2;40;210;80m│[0m [38;5;114m58.0%[0m [38;2;252;154;20m -02.00%[0m [38;5;244m2h0m[0m               [38;2;204;204;0m▐[48;2;204;204;0m[38;2;15;15;15m󰢹[48;2;204;197;0m [48;2;204;190;0m [48;2;204;184;0mO[48;2;204;177;0mp[48;2;204;171;0mu[48;2;204;164;0ms[48;2;204;158;0m [48;2;204;151;0m4[48;2;204;145;0m.[48;2;204;138;0m7[48;2;204;132;0m [49m[39m[38;2;204;132;0m▌[0m[0m
[38;2;40;210;80m├[38;2;51;194;69m┄[38;2;60;179;59m┄[38;2;66;163;49m┄[38;2;70;147;41m┄[38;2;72;130;33m┄[38;2;81;131;30m┄[38;2;91;132;27m┄[38;2;100;133;24m┄[38;2;110;134;22m┄[38;2;120;135;19m┄[38;2;129;136;16m┄[38;2;139;137;13m┄[38;2;144;135;12m┄[38;2;145;131;12m┄[38;2;145;127;12m┄[38;2;146;122;12m┄[38;2;147;118;12m┄[38;2;147;114;12m┄[38;2;148;109;12m┄[38;2;149;105;12m┄[38;2;150;101;12m┄[38;2;150;96;12m┄[38;2;151;92;12m┄[38;2;152;88;12m┄[38;2;153;84;12m┄[38;2;151;79;13m┄[38;2;149;74;14m┄[38;2;147;69;16m┄[38;2;146;64;17m┄[38;2;144;60;19m┄[38;2;142;55;20m┄[38;2;141;50;22m┄[38;2;139;45;23m┄[38;2;137;40;24m┄[38;2;136;36;26m┄[38;2;134;31;27m┄[38;2;204;204;0m▝[38;2;204;198;0m▀[38;2;204;192;0m▀[38;2;204;187;0m▀[38;2;204;181;0m▀[38;2;204;176;0m▀[38;2;204;170;0m▀[38;2;204;165;0m▀[38;2;204;159;0m▀[38;2;204;154;0m▀[38;2;204;148;0m▀[38;2;204;143;0m▀[38;2;204;137;0m▀[38;2;204;132;0m▘[0m
[38;2;40;210;80m│[0m [38;5;202m[1m󰢨[0m  [38;5;222m5/8[0m  [38;5;216m[1m1:07[0m                                    [38;2;138;84;158m│[0m
[38;2;40;210;80m├[38;2;51;194;69m┄[38;2;60;179;59m┄[38;2;66;163;49m┄[38;2;70;147;41m┄[38;2;72;130;33m┄[38;2;81;131;30m┄[38;2;91;132;27m┄[38;2;100;133;24m┄[38;2;110;134;22m┄[38;2;120;135;19m┄[38;2;129;136;16m┄[38;2;139;137;13m┄[38;2;144;135;12m┄[38;2;145;131;12m┄[38;2;145;127;12m┄[38;2;146;122;12m┄[38;2;147;118;12m┄[38;2;147;114;12m┄[38;2;148;109;12m┄[38;2;149;105;12m┄[38;2;150;101;12m┄[38;2;150;96;12m┄[38;2;151;92;12m┄[38;2;152;88;12m┄[38;2;153;84;12m┄[38;2;151;79;13m┄[38;2;149;74;14m┄[38;2;147;69;16m┄[38;2;146;64;17m┄[38;2;144;60;19m┄[38;2;142;55;20m┄[38;2;141;50;22m┄[38;2;139;45;23m┄[38;2;137;40;24m┄[38;2;136;36;26m┄[38;2;134;31;27m┄[38;2;132;26;29m┄[38;2;130;24;33m┄[38;2;128;25;41m┄[38;2;126;26;49m┄[38;2;123;27;56m┄[38;2;121;28;64m┄[38;2;118;29;72m┄[38;2;116;30;79m┄[38;2;114;31;87m┄[38;2;126;36;107m┄[38;2;138;41;130m┄[38;2;142;57;146m┄[38;2;142;71;156m┄[38;2;138;84;158m┤[0m
[38;2;40;210;80m│[0m [38;5;220m[1m▶[0m  [38;5;222mgrep-bot[0m  [38;5;114msonnet[0m  [38;5;216mGrep[0m         [38;5;114m 2.9K[0m  [38;5;216m1m30s[0m [38;2;138;84;158m│[0m
[38;2;40;210;80m│[0m [38;5;248m✓[0m  [38;5;248mnarrator[0m  [38;5;248mhaiku[0m  [38;5;248m(replying)[0m    [38;5;114m 4.1K[0m  [38;5;216m   0s[0m [38;2;138;84;158m│[0m
[38;2;40;210;80m│[0m [38;5;220m[1m▶[0m  [38;5;222mclaude[0m  [38;5;114msonnet[0m  [38;5;216mRead[0m           [38;5;114m 5.4K[0m  [38;5;216m1m30s[0m [38;2;138;84;158m│[0m
[38;2;40;210;80m│[0m [38;5;220m[1m▶[0m  [38;5;222mgeneral-purpose[0m  [38;5;75mhaiku[0m  [38;5;216mEdit[0m   [38;5;114m 8.7K[0m  [38;5;216m1m30s[0m [38;2;138;84;158m│[0m
[38;2;40;210;80m│[0m [38;5;220m[1m▶[0m  [38;5;222mexplore[0m  [38;5;114msonnet[0m  [38;5;216mBash[0m          [38;5;114m 3.2K[0m  [38;5;216m1m30s[0m [38;2;138;84;158m│[0m
[38;2;40;210;80m├[38;2;51;194;69m┄[38;2;60;179;59m┄[38;2;66;163;49m┄[38;2;70;147;41m┄[38;2;72;130;33m┄[38;2;81;131;30m┄[38;2;91;132;27m┄[38;2;100;133;24m┄[38;2;110;134;22m┄[38;2;120;135;19m┄[38;2;129;136;16m┄[38;2;139;137;13m┄[38;2;144;135;12m┄[38;2;145;131;12m┄[38;2;145;127;12m┄[38;2;146;122;12m┄[38;2;147;118;12m┄[38;2;147;114;12m┄[38;2;148;109;12m┄[38;2;149;105;12m┄[38;2;150;101;12m┄[38;2;150;96;12m┄[38;2;151;92;12m┄[38;2;152;88;12m┄[38;2;153;84;12m┄[38;2;151;79;13m┄[38;2;149;74;14m┄[38;2;147;69;16m┄[38;2;146;64;17m┄[38;2;144;60;19m┄[38;2;142;55;20m┄[38;2;141;50;22m┄[38;2;139;45;23m┄[38;2;137;40;24m┄[38;2;136;36;26m┄[38;2;134;31;27m┄[38;2;132;26;29m┄[38;2;130;24;33m┄[38;2;128;25;41m┄[38;2;126;26;49m┄[38;2;123;27;56m┄[38;2;121;28;64m┄[38;2;118;29;72m┄[38;2;116;30;79m┄[38;2;114;31;87m┄[38;2;126;36;107m┄[38;2;138;41;130m┄[38;2;142;57;146m┄[38;2;142;71;156m┄[38;2;138;84;158m┤[0m
[38;2;40;210;80m│[0m  [1m[38;5;214m100%[0m [48;2;40;210;80m [48;2;60;212;73m [48;2;81;214;67m [48;2;101;216;61m [48;2;122;218;55m [48;2;142;220;49m [48;2;163;222;43m [48;2;183;224;36m [48;2;204;226;30m [48;2;224;228;24m [48;2;240;227;20m [48;2;241;218;20m [48;2;243;209;20m [48;2;245;200;20m [48;2;246;190;20m [48;2;248;181;20m [48;2;249;172;20m [48;2;251;163;20m [48;2;252;153;20m [48;2;254;144;20m [48;2;253;134;21m [48;2;249;124;24m [48;2;246;114;27m [48;2;242;104;30m [48;2;238;93;33m [48;2;235;83;36m [48;2;231;73;40m [48;2;228;63;43m [48;2;224;52;46m [48;2;220;42;49m [48;2;216;41;62m [48;2;211;43;78m [48;2;205;45;95m [48;2;200;47;111m [48;2;195;49;127m [48;2;190;51;144m [48;2;185;53;160m [48;2;180;55;177m [48;2;175;57;193m [48;2;170;60;210m [49m[38;2;170;60;210m[0m[1m[38;5;214m[0m [38;2;138;84;158m│[0m
[38;2;40;210;80m╰[38;2;56;211;75m─[38;2;72;213;70m─[38;2;88;214;65m─[38;2;104;216;60m─[38;2;120;218;56m─[38;2;136;219;51m─[38;2;152;221;46m─[38;2;168;222;41m─[38;2;184;224;36m─[38;2;200;226;32m─[38;2;216;227;27m─[38;2;232;229;22m─[38;2;240;226;20m─[38;2;241;219;20m─[38;2;243;212;20m─[38;2;244;204;20m─[38;2;245;197;20m─[38;2;246;190;20m─[38;2;247;183;20m─[38;2;249;176;20m─[38;2;250;168;20m─[38;2;251;161;20m─[38;2;252;154;20m─[38;2;253;147;20m─[38;2;255;140;20m─[38;2;252;132;22m─[38;2;249;123;24m─[38;2;246;115;27m─[38;2;243;108;29m─[38;2;241;100;31m─[38;2;238;92;34m─[38;2;235;84;36m─[38;2;232;75;39m─[38;2;229;67;41m─[38;2;227;60;43m─[38;2;224;52;46m─[38;2;221;44;48m─[38;2;218;40;56m─[38;2;214;42;69m─[38;2;210;44;82m─[38;2;206;45;94m─[38;2;202;47;107m─[38;2;198;48;120m─[38;2;194;50;133m─[38;2;190;52;146m─[38;2;186;53;158m─[38;2;182;55;171m─[38;2;166;64;171m─[38;2;151;74;167m─[38;2;138;84;158m╯[0m

