

[38;2;40;210;80m╭[38;2;57;211;74m─[38;2;74;213;69m─[38;5;244m[3m51e977df-b46f-40d9-82b0-eb9d…[23m[38;2;227;61;43m─[38;2;204;204;0m▗[38;2;204;198;0m▄[38;2;204;192;0m▄[38;2;204;187;0m▄[38;2;204;181;0m▄[38;2;204;176;0m▄[38;2;204;170;0m▄[38;2;204;165;0m▄[38;2;204;159;0m▄[38;2;204;154;0m▄[38;2;204;148;0m▄[38;2;204;143;0m▄[38;2;204;137;0m▄[38;2;204;132;0m▖[0m
[38;2;40;210;80m│[0m [38;5;114m58.0%[0m [38;2;252;154;20m -02.01%[0m [38;5;244m2h0m[0m           [38;2;204;204;0m▐[48;2;204;204;0m[38;2;15;15;15m󰢹[48;2;204;197;0m [48;2;204;190;0m [48;2;204;184;0mO[48;2;204;177;0mp[48;2;204;171;0mu[48;2;204;164;0ms[48;2;204;158;0m [48;2;204;151;0m4[48;2;204;145;0m.[48;2;204;138;0m7[48;2;204;132;0m [49m[39m[38;2;204;132;0m▌[0m[0m
[38;2;40;210;80m├[38;2;52;194;68m┄[38;2;62;179;58m┄[38;2;70;163;48m┄[38;2;74;147;40m┄[38;2;76;131;32m┄[38;2;86;132;29m┄[38;2;97;133;26m┄[38;2;107;134;22m┄[38;2;117;135;19m┄[38;2;128;136;16m┄[38;2;138;137;13m┄[38;2;144;135;12m┄[38;2;145;130;12m┄[38;2;145;126;12m┄[38;2;146;121;12m┄[38;2;147;116;12m┄[38;2;148;112;12m┄[38;2;149;107;12m┄[38;2;149;102;12m┄[38;2;150;98;12m┄[38;2;151;93;12m┄[38;2;152;88;12m┄[38;2;153;84;12m┄[38;2;151;78;13m┄[38;2;149;73;15m┄[38;2;147;68;16m┄[38;2;145;63;18m┄[38;2;143;57;19m┄[38;2;142;52;21m┄[38;2;140;47;22m┄[38;2;138;42;24m┄[38;2;136;37;26m┄[38;2;204;204;0m▝[38;2;204;198;0m▀[38;2;204;192;0m▀[38;2;204;187;0m▀[38;2;204;181;0m▀[38;2;204;176;0m▀[38;2;204;170;0m▀[38;2;204;165;0m▀[38;2;204;159;0m▀[38;2;204;154;0m▀[38;2;204;148;0m▀[38;2;204;143;0m▀[38;2;204;137;0m▀[38;2;204;132;0m▘[0m
[38;2;40;210;80m│[0m [38;5;196m[1m󰢨[0m  [38;5;222m5/8[0m  [38;5;216m[1m1:07[0m                                [38;2;138;84;158m│[0m
[38;2;40;210;80m├[38;2;52;194;68m┄[38;2;62;179;58m┄[38;2;70;163;48m┄[38;2;74;147;40m┄[38;2;76;131;32m┄[38;2;86;132;29m┄[38;2;97;133;26m┄[38;2;107;134;22m┄[38;2;117;135;19m┄[38;2;128;136;16m┄[38;2;138;137;13m┄[38;2;144;135;12m┄[38;2;145;130;12m┄[38;2;145;126;12m┄[38;2;146;121;12m┄[38;2;147;116;12m┄[38;2;148;112;12m┄[38;2;149;107;12m┄[38;2;149;102;12m┄[38;2;150;98;12m┄[38;2;151;93;12m┄[38;2;152;88;12m┄[38;2;153;84;12m┄[38;2;151;78;13m┄[38;2;149;73;15m┄[38;2;147;68;16m┄[38;2;145;63;18m┄[38;2;143;57;19m┄[38;2;142;52;21m┄[38;2;140;47;22m┄[38;2;138;42;24m┄[38;2;136;37;26m┄[38;2;134;31;27m┄[38;2;132;26;29m┄[38;2;130;24;34m┄[38;2;128;25;42m┄[38;2;125;26;50m┄[38;2;122;27;59m┄[38;2;120;28;67m┄[38;2;117;29;75m┄[38;2;115;30;84m┄[38;2;127;36;104m┄[38;2;139;41;127m┄[38;2;144;55;146m┄[38;2;143;70;157m┄[38;2;138;84;158m┤[0m
[38;2;40;210;80m│[0m [38;5;214m[1m▶[0m  [38;5;222mgrep-bot[0m  [38;5;114msonnet[0m  [38;5;216mGrep[0m     [38;5;114m 2.9K[0m  [38;5;216m1m30s[0m [38;2;138;84;158m│[0m
[38;2;40;210;80m│[0m [38;5;248m✓[0m  [38;5;248mnarrator[0m  [38;5;248mhaiku[0m  [38;5;248m(replying)[0m [38;5;114m 4.1K[0m  [38;5;216m   0s[0m[38;2;138;84;158m│[0m
[38;2;40;210;80m│[0m [38;5;214m[1m▶[0m  [38;5;222mclaude[0m  [38;5;114msonnet[0m  [38;5;216mRead[0m       [38;5;114m 5.4K[0m  [38;5;216m1m30s[0m [38;2;138;84;158m│[0m
[38;2;40;210;80m│[0m [38;5;214m[1m▶[0m  [38;5;222mgeneral-purpose[0m  [38;5;75mhaiku[0m  [38;5;216mEdit[0m [38;5;114m 8.7K[0m  [38;5;216m1m30s[0m[38;2;138;84;158m│[0m
[38;2;40;210;80m│[0m [38;5;214m[1m▶[0m  [38;5;222mexplore[0m  [38;5;114msonnet[0m  [38;5;216mBash[0m      [38;5;114m 3.2K[0m  [38;5;216m1m30s[0m [38;2;138;84;158m│[0m
[38;2;40;210;80m├[38;2;52;194;68m┄[38;2;62;179;58m┄[38;2;70;163;48m┄[38;2;74;147;40m┄[38;2;76;131;32m┄[38;2;86;132;29m┄[38;2;97;133;26m┄[38;2;107;134;22m┄[38;2;117;135;19m┄[38;2;128;136;16m┄[38;2;138;137;13m┄[38;2;144;135;12m┄[38;2;145;130;12m┄[38;2;145;126;12m┄[38;2;146;121;12m┄[38;2;147;116;12m┄[38;2;148;112;12m┄[38;2;149;107;12m┄[38;2;149;102;12m┄[38;2;150;98;12m┄[38;2;151;93;12m┄[38;2;152;88;12m┄[38;2;153;84;12m┄[38;2;151;78;13m┄[38;2;149;73;15m┄[38;2;147;68;16m┄[38;2;145;63;18m┄[38;2;143;57;19m┄[38;2;142;52;21m┄[38;2;140;47;22m┄[38;2;138;42;24m┄[38;2;136;37;26m┄[38;2;134;31;27m┄[38;2;132;26;29m┄[38;2;130;24;34m┄[38;2;128;25;42m┄[38;2;125;26;50m┄[38;2;122;27;59m┄[38;2;120;28;67m┄[38;2;117;29;75m┄[38;2;115;30;84m┄[38;2;127;36;104m┄[38;2;139;41;127m┄[38;2;144;55;146m┄[38;2;143;70;157m┄[38;2;138;84;158m┤[0m
[38;2;40;210;80m│[0m  [1m[38;5;214m100%[0m [48;2;40;210;80m [48;2;62;212;73m [48;2;85;214;66m [48;2;108;216;59m [48;2;131;219;52m [48;2;154;221;45m [48;2;177;223;38m [48;2;200;226;32m [48;2;222;228;25m [48;2;240;227;20m [48;2;242;217;20m [48;2;243;206;20m [48;2;245;196;20m [48;2;247;186;20m [48;2;249;176;20m [48;2;250;165;20m [48;2;252;155;20m [48;2;254;145;20m [48;2;253;134;21m [48;2;249;122;25m [48;2;245;111;28m [48;2;241;100;31m [48;2;237;88;35m [48;2;233;77;38m [48;2;229;65;42m [48;2;225;54;45m [48;2;221;42;49m [48;2;215;41;63m [48;2;210;44;82m [48;2;204;46;100m [48;2;198;48;118m [48;2;192;50;136m [48;2;187;53;155m [48;2;181;55;173m [48;2;175;57;191m [48;2;170;60;210m [49m[38;2;170;60;210m[0m[1m[38;5;214m[0m [38;2;138;84;158m│[0m
[38;2;40;210;80m╰[38;2;57;211;74m─[38;2;74;213;69m─[38;2;92;215;64m─[38;2;109;216;59m─[38;2;126;218;53m─[38;2;144;220;48m─[38;2;161;222;43m─[38;2;179;223;38m─[38;2;196;225;33m─[38;2;213;227;27m─[38;2;231;229;22m─[38;2;240;226;20m─[38;2;241;218;20m─[38;2;243;210;20m─[38;2;244;202;20m─[38;2;245;194;20m─[38;2;247;186;20m─[38;2;248;179;20m─[38;2;249;171;20m─[38;2;251;163;20m─[38;2;252;155;20m─[38;2;253;147;20m─[38;2;255;140;20m─[38;2;251;131;22m─[38;2;248;122;25m─[38;2;245;113;27m─[38;2;242;105;30m─[38;2;239;96;33m─[38;2;236;87;35m─[38;2;233;79;38m─[38;2;230;70;40m─[38;2;227;61;43m─[38;2;224;53;46m─[38;2;221;44;48m─[38;2;217;40;56m─[38;2;213;42;70m─[38;2;209;44;84m─[38;2;204;46;98m─[38;2;200;47;112m─[38;2;196;49;126m─[38;2;191;51;140m─[38;2;187;53;154m─[38;2;183;54;168m─[38;2;168;63;171m─[38;2;152;73;167m─[38;2;138;84;158m╯[0m

