

[38;2;40;210;80m╭[38;2;57;211;74m─[38;2;74;213;69m─[38;5;244m[3m51e977df-b46f-40d9-82b0-eb9de…[23m[38;2;226;59;44m─[38;2;204;204;0m▗[38;2;204;198;0m▄[38;2;204;192;0m▄[38;2;204;187;0m▄[38;2;204;181;0m▄[38;2;204;176;0m▄[38;2;204;170;0m▄[38;2;204;165;0m▄[38;2;204;159;0m▄[38;2;204;154;0m▄[38;2;204;148;0m▄[38;2;204;143;0m▄[38;2;204;137;0m▄[38;2;204;132;0m▖[0m
[38;2;40;210;80m│[0m [38;5;114m58.0%[0m [38;2;252;154;20m -02.00%[0m [38;5;244m2h0m[0m            [38;2;204;204;0m▐[48;2;204;204;0m[38;2;15;15;15m󰢹[48;2;204;197;0m [48;2;204;190;0m [48;2;204;184;0mO[48;2;204;177;0mp[48;2;204;171;0mu[48;2;204;164;0ms[48;2;204;158;0m [48;2;204;151;0m4[48;2;204;145;0m.[48;2;204;138;0m7[48;2;204;132;0m [49m[39m[38;2;204;132;0m▌[0m[0m
[38;2;40;210;80m├[38;2;52;194;68m┄[38;2;62;179;58m┄[38;2;69;163;49m┄[38;2;73;147;40m┄[38;2;75;131;32m┄[38;2;85;132;29m┄[38;2;95;133;26m┄[38;2;105;134;23m┄[38;2;115;135;20m┄[38;2;126;136;17m┄[38;2;136;137;14m┄[38;2;144;136;12m┄[38;2;144;132;12m┄[38;2;145;127;12m┄[38;2;146;123;12m┄[38;2;147;118;12m┄[38;2;148;113;12m┄[38;2;148;109;12m┄[38;2;149;104;12m┄[38;2;150;100;12m┄[38;2;151;95;12m┄[38;2;151;90;12m┄[38;2;152;86;12m┄[38;2;152;81;12m┄[38;2;150;76;14m┄[38;2;148;71;15m┄[38;2;146;66;17m┄[38;2;144;61;18m┄[38;2;143;55;20m┄[38;2;141;50;21m┄[38;2;139;45;23m┄[38;2;137;40;25m┄[38;2;136;35;26m┄[38;2;204;204;0m▝[38;2;204;198;0m▀[38;2;204;192;0m▀[38;2;204;187;0m▀[38;2;204;181;0m▀[38;2;204;176;0m▀[38;2;204;170;0m▀[38;2;204;165;0m▀[38;2;204;159;0m▀[38;2;204;154;0m▀[38;2;204;148;0m▀[38;2;204;143;0m▀[38;2;204;137;0m▀[38;2;204;132;0m▘[0m
[38;2;40;210;80m│[0m [38;5;202m[1m󰢨[0m  [38;5;222m5/8[0m  [38;5;216m[1m1:07[0m                                 [38;2;138;84;158m│[0m
[38;2;40;210;80m├[38;2;52;194;68m┄[38;2;62;179;58m┄[38;2;69;163;49m┄[38;2;73;147;40m┄[38;2;75;131;32m┄[38;2;85;132;29m┄[38;2;95;133;26m┄[38;2;105;134;23m┄[38;2;115;135;20m┄[38;2;126;136;17m┄[38;2;136;137;14m┄[38;2;144;136;12m┄[38;2;144;132;12m┄[38;2;145;127;12m┄[38;2;146;123;12m┄[38;2;147;118;12m┄[38;2;148;113;12m┄[38;2;148;109;12m┄[38;2;149;104;12m┄[38;2;150;100;12m┄[38;2;151;95;12m┄[38;2;151;90;12m┄[38;2;152;86;12m┄[38;2;152;81;12m┄[38;2;150;76;14m┄[38;2;148;71;15m┄[38;2;146;66;17m┄[38;2;144;61;18m┄[38;2;143;55;20m┄[38;2;141;50;21m┄[38;2;139;45;23m┄[38;2;137;40;25m┄[38;2;136;35;26m┄[38;2;134;30;28m┄[38;2;132;25;29m┄[38;2;130;24;36m┄[38;2;127;25;44m┄[38;2;124;26;52m┄[38;2;122;27;60m┄[38;2;119;28;68m┄[38;2;117;29;76m┄[38;2;114;30;85m┄[38;2;127;36;105m┄[38;2;138;41;128m┄[38;2;143;55;146m┄[38;2;143;70;156m┄[38;2;138;84;158m┤[0m
[38;2;40;210;80m│[0m [38;5;220m[1m▶[0m  [38;5;222mgrep-bot[0m  [38;5;114msonnet[0m  [38;5;216mGrep[0m      [38;5;114m 2.9K[0m  [38;5;216m1m30s[0m [38;2;138;84;158m│[0m
[38;2;40;210;80m│[0m [38;5;248m✓[0m  [38;5;248mnarrator[0m  [38;5;248mhaiku[0m  [38;5;248m(replying)[0m [38;5;114m 4.1K[0m  [38;5;216m   0s[0m [38;2;138;84;158m│[0m
[38;2;40;210;80m│[0m [38;5;220m[1m▶[0m  [38;5;222mclaude[0m  [38;5;114msonnet[0m  [38;5;216mRead[0m        [38;5;114m 5.4K[0m  [38;5;216m1m30s[0m [38;2;138;84;158m│[0m
[38;2;40;210;80m│[0m [38;5;220m[1m▶[0m  [38;5;222mgeneral-purpose[0m  [38;5;75mhaiku[0m  [38;5;216mEdit[0m [38;5;114m 8.7K[0m  [38;5;216m1m30s[0m[38;2;138;84;158m│[0m
[38;2;40;210;80m│[0m [38;5;220m[1m▶[0m  [38;5;222mexplore[0m  [38;5;114msonnet[0m  [38;5;216mBash[0m       [38;5;114m 3.2K[0m  [38;5;216m1m30s[0m [38;2;138;84;158m│[0m
[38;2;40;210;80m├[38;2;52;194;68m┄[38;2;62;179;58m┄[38;2;69;163;49m┄[38;2;73;147;40m┄[38;2;75;131;32m┄[38;2;85;132;29m┄[38;2;95;133;26m┄[38;2;105;134;23m┄[38;2;115;135;20m┄[38;2;126;136;17m┄[38;2;136;137;14m┄[38;2;144;136;12m┄[38;2;144;132;12m┄[38;2;145;127;12m┄[38;2;146;123;12m┄[38;2;147;118;12m┄[38;2;148;113;12m┄[38;2;148;109;12m┄[38;2;149;104;12m┄[38;2;150;100;12m┄[38;2;151;95;12m┄[38;2;151;90;12m┄[38;2;152;86;12m┄[38;2;152;81;12m┄[38;2;150;76;14m┄[38;2;148;71;15m┄[38;2;146;66;17m┄[38;2;144;61;18m┄[38;2;143;55;20m┄[38;2;141;50;21m┄[38;2;139;45;23m┄[38;2;137;40;25m┄[38;2;136;35;26m┄[38;2;134;30;28m┄[38;2;132;25;29m┄[38;2;130;24;36m┄[38;2;127;25;44m┄[38;2;124;26;52m┄[38;2;122;27;60m┄[38;2;119;28;68m┄[38;2;117;29;76m┄[38;2;114;30;85m┄[38;2;127;36;105m┄[38;2;138;41;128m┄[38;2;143;55;146m┄[38;2;143;70;156m┄[38;2;138;84;158m┤[0m
[38;2;40;210;80m│[0m  [1m[38;5;214m100%[0m [48;2;40;210;80m [48;2;62;212;73m [48;2;84;214;66m [48;2;106;216;60m [48;2;128;218;53m [48;2;151;221;46m [48;2;173;223;40m [48;2;195;225;33m [48;2;217;227;26m [48;2;240;230;20m [48;2;241;220;20m [48;2;243;210;20m [48;2;245;200;20m [48;2;246;190;20m [48;2;248;180;20m [48;2;250;170;20m [48;2;251;160;20m [48;2;253;150;20m [48;2;255;140;20m [48;2;251;128;23m [48;2;247;117;26m [48;2;243;106;30m [48;2;239;95;33m [48;2;235;84;36m [48;2;231;73;40m [48;2;227;62;43m [48;2;223;51;46m [48;2;220;40;50m [48;2;214;42;67m [48;2;208;44;85m [48;2;203;46;103m [48;2;197;48;121m [48;2;192;51;138m [48;2;186;53;156m [48;2;181;55;174m [48;2;175;57;192m [48;2;170;60;210m [49m[38;2;170;60;210m[0m[1m[38;5;214m[0m [38;2;138;84;158m│[0m
[38;2;40;210;80m╰[38;2;57;211;74m─[38;2;74;213;69m─[38;2;91;215;64m─[38;2;108;216;59m─[38;2;125;218;54m─[38;2;142;220;49m─[38;2;159;221;44m─[38;2;176;223;39m─[38;2;193;225;34m─[38;2;210;227;28m─[38;2;227;228;23m─[38;2;240;228;20m─[38;2;241;220;20m─[38;2;242;212;20m─[38;2;244;205;20m─[38;2;245;197;20m─[38;2;246;189;20m─[38;2;247;182;20m─[38;2;249;174;20m─[38;2;250;166;20m─[38;2;251;159;20m─[38;2;253;151;20m─[38;2;254;143;20m─[38;2;253;135;21m─[38;2;250;127;23m─[38;2;247;118;26m─[38;2;244;110;28m─[38;2;241;101;31m─[38;2;238;93;34m─[38;2;235;84;36m─[38;2;232;76;39m─[38;2;229;67;41m─[38;2;226;59;44m─[38;2;223;50;46m─[38;2;220;42;49m─[38;2;216;41;60m─[38;2;212;42;73m─[38;2;208;44;87m─[38;2;204;46;101m─[38;2;199;48;114m─[38;2;195;49;128m─[38;2;191;51;141m─[38;2;187;53;155m─[38;2;182;54;169m─[38;2;167;63;171m─[38;2;152;74;167m─[38;2;138;84;158m╯[0m

