

[38;2;40;210;80m╭[38;2;56;211;75m─[38;2;72;213;70m─[38;5;244m[3m51e977df-b46f-40d9-82b0-eb9ded6…[23m[38;2;225;54;45m─[38;2;204;204;0m▗[38;2;204;198;0m▄[38;2;204;192;0m▄[38;2;204;187;0m▄[38;2;204;181;0m▄[38;2;204;176;0m▄[38;2;204;170;0m▄[38;2;204;165;0m▄[38;2;204;159;0m▄[38;2;204;154;0m▄[38;2;204;148;0m▄[38;2;204;143;0m▄[38;2;204;137;0m▄[38;2;204;132;0m▖[0m
[38;2;40;210;80m│[0m [38;5;114m58.0%[0m [38;2;252;154;20m -02.00%[0m [38;5;244m2h0m[0m              [38;2;204;204;0m▐[48;2;204;204;0m[38;2;15;15;15m󰢹[48;2;204;197;0m [48;2;204;190;0m [48;2;204;184;0mO[48;2;204;177;0mp[48;2;204;171;0mu[48;2;204;164;0ms[48;2;204;158;0m [48;2;204;151;0m4[48;2;204;145;0m.[48;2;204;138;0m7[48;2;204;132;0m [49m[39m[38;2;204;132;0m▌[0m[0m
[38;2;40;210;80m├[38;2;51;194;69m┄[38;2;61;179;58m┄[38;2;67;163;49m┄[38;2;71;147;41m┄[38;2;72;130;33m┄[38;2;82;131;30m┄[38;2;92;132;27m┄[38;2;102;133;24m┄[38;2;112;134;21m┄[38;2;121;135;18m┄[38;2;131;136;15m┄[38;2;141;137;12m┄[38;2;144;134;12m┄[38;2;145;130;12m┄[38;2;146;125;12m┄[38;2;146;121;12m┄[38;2;147;117;12m┄[38;2;148;112;12m┄[38;2;148;108;12m┄[38;2;149;103;12m┄[38;2;150;99;12m┄[38;2;151;95;12m┄[38;2;151;90;12m┄[38;2;152;86;12m┄[38;2;152;81;12m┄[38;2;150;76;14m┄[38;2;148;71;15m┄[38;2;147;66;17m┄[38;2;145;61;18m┄[38;2;143;57;20m┄[38;2;141;52;21m┄[38;2;140;47;23m┄[38;2;138;42;24m┄[38;2;136;37;25m┄[38;2;135;32;27m┄[38;2;204;204;0m▝[38;2;204;198;0m▀[38;2;204;192;0m▀[38;2;204;187;0m▀[38;2;204;181;0m▀[38;2;204;176;0m▀[38;2;204;170;0m▀[38;2;204;165;0m▀[38;2;204;159;0m▀[38;2;204;154;0m▀[38;2;204;148;0m▀[38;2;204;143;0m▀[38;2;204;137;0m▀[38;2;204;132;0m▘[0m
[38;2;40;210;80m│[0m [38;5;202m[1m󰢨[0m  [38;5;222m5/8[0m  [38;5;216m[1m1:07[0m                                   [38;2;138;84;158m│[0m
[38;2;40;210;80m├[38;2;51;194;69m┄[38;2;61;179;58m┄[38;2;67;163;49m┄[38;2;71;147;41m┄[38;2;72;130;33m┄[38;2;82;131;30m┄[38;2;92;132;27m┄[38;2;102;133;24m┄[38;2;112;134;21m┄[38;2;121;135;18m┄[38;2;131;136;15m┄[38;2;141;137;12m┄[38;2;144;134;12m┄[38;2;145;130;12m┄[38;2;146;125;12m┄[38;2;146;121;12m┄[38;2;147;117;12m┄[38;2;148;112;12m┄[38;2;148;108;12m┄[38;2;149;103;12m┄[38;2;150;99;12m┄[38;2;151;95;12m┄[38;2;151;90;12m┄[38;2;152;86;12m┄[38;2;152;81;12m┄[38;2;150;76;14m┄[38;2;148;71;15m┄[38;2;147;66;17m┄[38;2;145;61;18m┄[38;2;143;57;20m┄[38;2;141;52;21m┄[38;2;140;47;23m┄[38;2;138;42;24m┄[38;2;136;37;25m┄[38;2;135;32;27m┄[38;2;133;27;28m┄[38;2;131;24;31m┄[38;2;128;25;39m┄[38;2;126;26;47m┄[38;2;124;27;55m┄[38;2;121;28;63m┄[38;2;119;29;71m┄[38;2;116;30;78m┄[38;2;114;31;86m┄[38;2;126;36;107m┄[38;2;138;41;129m┄[38;2;142;56;146m┄[38;2;142;71;156m┄[38;2;138;84;158m┤[0m
[38;2;40;210;80m│[0m [38;5;220m[1m▶[0m  [38;5;222mgrep-bot[0m  [38;5;114msonnet[0m  [38;5;216mGrep[0m        [38;5;114m 2.9K[0m  [38;5;216m1m30s[0m [38;2;138;84;158m│[0m
[38;2;40;210;80m│[0m [38;5;248m✓[0m  [38;5;248mnarrator[0m  [38;5;248mhaiku[0m  [38;5;248m(replying)[0m   [38;5;114m 4.1K[0m  [38;5;216m   0s[0m [38;2;138;84;158m│[0m
[38;2;40;210;80m│[0m [38;5;220m[1m▶[0m  [38;5;222mclaude[0m  [38;5;114msonnet[0m  [38;5;216mRead[0m          [38;5;114m 5.4K[0m  [38;5;216m1m30s[0m [38;2;138;84;158m│[0m
[38;2;40;210;80m│[0m [38;5;220m[1m▶[0m  [38;5;222mgeneral-purpose[0m  [38;5;75mhaiku[0m  [38;5;216mEdit[0m  [38;5;114m 8.7K[0m  [38;5;216m1m30s[0m [38;2;138;84;158m│[0m
[38;2;40;210;80m│[0m [38;5;220m[1m▶[0m  [38;5;222mexplore[0m  [38;5;114msonnet[0m  [38;5;216mBash[0m         [38;5;114m 3.2K[0m  [38;5;216m1m30s[0m [38;2;138;84;158m│[0m
[38;2;40;210;80m├[38;2;51;194;69m┄[38;2;61;179;58m┄[38;2;67;163;49m┄[38;2;71;147;41m┄[38;2;72;130;33m┄[38;2;82;131;30m┄[38;2;92;132;27m┄[38;2;102;133;24m┄[38;2;112;134;21m┄[38;2;121;135;18m┄[38;2;131;136;15m┄[38;2;141;137;12m┄[38;2;144;134;12m┄[38;2;145;130;12m┄[38;2;146;125;12m┄[38;2;146;121;12m┄[38;2;147;117;12m┄[38;2;148;112;12m┄[38;2;148;108;12m┄[38;2;149;103;12m┄[38;2;150;99;12m┄[38;2;151;95;12m┄[38;2;151;90;12m┄[38;2;152;86;12m┄[38;2;152;81;12m┄[38;2;150;76;14m┄[38;2;148;71;15m┄[38;2;147;66;17m┄[38;2;145;61;18m┄[38;2;143;57;20m┄[38;2;141;52;21m┄[38;2;140;47;23m┄[38;2;138;42;24m┄[38;2;136;37;25m┄[38;2;135;32;27m┄[38;2;133;27;28m┄[38;2;131;24;31m┄[38;2;128;25;39m┄[38;2;126;26;47m┄[38;2;124;27;55m┄[38;2;121;28;63m┄[38;2;119;29;71m┄[38;2;116;30;78m┄[38;2;114;31;86m┄[38;2;126;36;107m┄[38;2;138;41;129m┄[38;2;142;56;146m┄[38;2;142;71;156m┄[38;2;138;84;158m┤[0m
[38;2;40;210;80m│[0m  [1m[38;5;214m100%[0m [48;2;40;210;80m [48;2;61;212;73m [48;2;82;214;67m [48;2;103;216;61m [48;2;124;218;54m [48;2;145;220;48m [48;2;166;222;42m [48;2;187;224;35m [48;2;208;226;29m [48;2;229;228;23m [48;2;240;225;20m [48;2;242;215;20m [48;2;243;206;20m [48;2;245;196;20m [48;2;247;187;20m [48;2;248;177;20m [48;2;250;168;20m [48;2;251;158;20m [48;2;253;149;20m [48;2;255;140;20m [48;2;251;129;23m [48;2;247;118;26m [48;2;243;108;29m [48;2;240;97;32m [48;2;236;87;35m [48;2;232;76;38m [48;2;229;66;42m [48;2;225;55;45m [48;2;221;45;48m [48;2;217;41;58m [48;2;212;43;75m [48;2;206;45;92m [48;2;201;47;108m [48;2;196;49;125m [48;2;191;51;142m [48;2;185;53;159m [48;2;180;55;176m [48;2;175;57;193m [48;2;170;60;210m [49m[38;2;170;60;210m[0m[1m[38;5;214m[0m [38;2;138;84;158m│[0m
[38;2;40;210;80m╰[38;2;56;211;75m─[38;2;72;213;70m─[38;2;88;214;65m─[38;2;105;216;60m─[38;2;121;218;55m─[38;2;137;219;50m─[38;2;154;221;45m─[38;2;170;223;40m─[38;2;186;224;35m─[38;2;203;226;31m─[38;2;219;227;26m─[38;2;235;229;21m─[38;2;240;224;20m─[38;2;242;217;20m─[38;2;243;209;20m─[38;2;244;202;20m─[38;2;245;195;20m─[38;2;247;187;20m─[38;2;248;180;20m─[38;2;249;173;20m─[38;2;250;165;20m─[38;2;251;158;20m─[38;2;253;151;20m─[38;2;254;143;20m─[38;2;253;135;21m─[38;2;250;127;23m─[38;2;247;119;26m─[38;2;245;111;28m─[38;2;242;103;31m─[38;2;239;95;33m─[38;2;236;86;35m─[38;2;233;78;38m─[38;2;230;70;40m─[38;2;227;62;43m─[38;2;225;54;45m─[38;2;222;46;48m─[38;2;218;40;53m─[38;2;214;42;66m─[38;2;210;43;79m─[38;2;206;45;92m─[38;2;202;46;105m─[38;2;198;48;118m─[38;2;194;50;131m─[38;2;190;51;144m─[38;2;186;53;157m─[38;2;182;55;170m─[38;2;166;64;171m─[38;2;152;74;166m─[38;2;138;84;158m╯[0m

