

[38;2;40;210;80m╭[38;2;59;211;74m─[38;2;78;213;68m─[38;5;244m[3m51e977df-b46f-40d9-82b0-…[23m[38;2;231;73;40m─[38;2;204;204;0m▗[38;2;204;198;0m▄[38;2;204;192;0m▄[38;2;204;187;0m▄[38;2;204;181;0m▄[38;2;204;176;0m▄[38;2;204;170;0m▄[38;2;204;165;0m▄[38;2;204;159;0m▄[38;2;204;154;0m▄[38;2;204;148;0m▄[38;2;204;143;0m▄[38;2;204;137;0m▄[38;2;204;132;0m▖[0m
[38;2;40;210;80m│[0m [38;5;114m58.0%[0m [38;2;252;154;20m -02.00%[0m [38;5;244m2h0m[0m       [38;2;204;204;0m▐[48;2;204;204;0m[38;2;15;15;15m󰢹[48;2;204;197;0m [48;2;204;190;0m [48;2;204;184;0mO[48;2;204;177;0mp[48;2;204;171;0mu[48;2;204;164;0ms[48;2;204;158;0m [48;2;204;151;0m4[48;2;204;145;0m.[48;2;204;138;0m7[48;2;204;132;0m [49m[39m[38;2;204;132;0m▌[0m[0m
[38;2;40;210;80m├[38;2;54;194;68m┄[38;2;65;179;57m┄[38;2;73;163;47m┄[38;2;79;147;38m┄[38;2;81;131;30m┄[38;2;92;132;27m┄[38;2;103;134;24m┄[38;2;115;135;20m┄[38;2;126;136;17m┄[38;2;138;137;13m┄[38;2;144;135;12m┄[38;2;145;130;12m┄[38;2;146;125;12m┄[38;2;147;120;12m┄[38;2;147;114;12m┄[38;2;148;109;12m┄[38;2;149;104;12m┄[38;2;150;99;12m┄[38;2;151;94;12m┄[38;2;152;89;12m┄[38;2;153;84;12m┄[38;2;151;78;13m┄[38;2;148;72;15m┄[38;2;147;66;17m┄[38;2;145;61;18m┄[38;2;142;55;20m┄[38;2;141;49;22m┄[38;2;139;44;24m┄[38;2;204;204;0m▝[38;2;204;198;0m▀[38;2;204;192;0m▀[38;2;204;187;0m▀[38;2;204;181;0m▀[38;2;204;176;0m▀[38;2;204;170;0m▀[38;2;204;165;0m▀[38;2;204;159;0m▀[38;2;204;154;0m▀[38;2;204;148;0m▀[38;2;204;143;0m▀[38;2;204;137;0m▀[38;2;204;132;0m▘[0m
[38;2;40;210;80m│[0m [38;5;196m[1m󰢨[0m  [38;5;222m5/8[0m  [38;5;216m[1m1:07[0m                            [38;2;138;84;158m│[0m
[38;2;40;210;80m├[38;2;54;194;68m┄[38;2;65;179;57m┄[38;2;73;163;47m┄[38;2;79;147;38m┄[38;2;81;131;30m┄[38;2;92;132;27m┄[38;2;103;134;24m┄[38;2;115;135;20m┄[38;2;126;136;17m┄[38;2;138;137;13m┄[38;2;144;135;12m┄[38;2;145;130;12m┄[38;2;146;125;12m┄[38;2;147;120;12m┄[38;2;147;114;12m┄[38;2;148;109;12m┄[38;2;149;104;12m┄[38;2;150;99;12m┄[38;2;151;94;12m┄[38;2;152;89;12m┄[38;2;153;84;12m┄[38;2;151;78;13m┄[38;2;148;72;15m┄[38;2;147;66;17m┄[38;2;145;61;18m┄[38;2;142;55;20m┄[38;2;141;49;22m┄[38;2;139;44;24m┄[38;2;137;38;25m┄[38;2;135;32;27m┄[38;2;133;26;29m┄[38;2;130;24;34m┄[38;2;127;25;43m┄[38;2;124;26;52m┄[38;2;121;28;62m┄[38;2;119;29;71m┄[38;2;116;30;80m┄[38;2;128;35;101m┄[38;2;140;41;124m┄[38;2;145;53;145m┄[38;2;144;69;157m┄[38;2;138;84;158m┤[0m
[38;2;40;210;80m│[0m [38;5;214m[1m▶[0m  [38;5;222mgrep-bot[0m  [38;5;114msonnet[0m  [38;5;216mGrep[0m [38;5;114m 2.9K[0m  [38;5;216m1m30s[0m [38;2;138;84;158m│[0m
[38;2;40;210;80m│[0m [38;5;248m✓[0m  [38;5;248mnarrator[0m  [38;5;248mhaiku[0m  [38;5;248m(replying)[0m [38;5;114m 4.1K[0m  [38;5;216m   0s[0m[38;2;138;84;158m│[0m
[38;2;40;210;80m│[0m [38;5;214m[1m▶[0m  [38;5;222mclaude[0m  [38;5;114msonnet[0m  [38;5;216mRead[0m   [38;5;114m 5.4K[0m  [38;5;216m1m30s[0m [38;2;138;84;158m│[0m
[38;2;40;210;80m│[0m [38;5;214m[1m▶[0m  [38;5;222mgeneral-purpose[0m  [38;5;75mhaiku[0m  [38;5;216mEdit[0m [38;5;114m 8.7K[0m  [38;5;216m1m30s[0m[38;2;138;84;158m│[0m
[38;2;40;210;80m│[0m [38;5;214m[1m▶[0m  [38;5;222mexplore[0m  [38;5;114msonnet[0m  [38;5;216mBash[0m  [38;5;114m 3.2K[0m  [38;5;216m1m30s[0m [38;2;138;84;158m│[0m
[38;2;40;210;80m├[38;2;54;194;68m┄[38;2;65;179;57m┄[38;2;73;163;47m┄[38;2;79;147;38m┄[38;2;81;131;30m┄[38;2;92;132;27m┄[38;2;103;134;24m┄[38;2;115;135;20m┄[38;2;126;136;17m┄[38;2;138;137;13m┄[38;2;144;135;12m┄[38;2;145;130;12m┄[38;2;146;125;12m┄[38;2;147;120;12m┄[38;2;147;114;12m┄[38;2;148;109;12m┄[38;2;149;104;12m┄[38;2;150;99;12m┄[38;2;151;94;12m┄[38;2;152;89;12m┄[38;2;153;84;12m┄[38;2;151;78;13m┄[38;2;148;72;15m┄[38;2;147;66;17m┄[38;2;145;61;18m┄[38;2;142;55;20m┄[38;2;141;49;22m┄[38;2;139;44;24m┄[38;2;137;38;25m┄[38;2;135;32;27m┄[38;2;133;26;29m┄[38;2;130;24;34m┄[38;2;127;25;43m┄[38;2;124;26;52m┄[38;2;121;28;62m┄[38;2;119;29;71m┄[38;2;116;30;80m┄[38;2;128;35;101m┄[38;2;140;41;124m┄[38;2;145;53;145m┄[38;2;144;69;157m┄[38;2;138;84;158m┤[0m
[38;2;40;210;80m│[0m  [1m[38;5;214m100%[0m [48;2;40;210;80m [48;2;65;212;72m [48;2;91;215;64m [48;2;117;217;56m [48;2;143;220;49m [48;2;169;222;41m [48;2;194;225;33m [48;2;220;228;25m [48;2;240;227;20m [48;2;242;215;20m [48;2;244;203;20m [48;2;246;192;20m [48;2;248;180;20m [48;2;250;169;20m [48;2;252;157;20m [48;2;254;145;20m [48;2;252;133;21m [48;2;248;120;25m [48;2;243;107;29m [48;2;239;94;33m [48;2;234;81;37m [48;2;230;69;41m [48;2;225;56;45m [48;2;221;43;49m [48;2;215;41;65m [48;2;208;44;86m [48;2;202;47;106m [48;2;195;49;127m [48;2;189;52;148m [48;2;182;54;168m [48;2;176;57;189m [48;2;170;60;210m [49m[38;2;170;60;210m[0m[1m[38;5;214m[0m [38;2;138;84;158m│[0m
[38;2;40;210;80m╰[38;2;59;211;74m─[38;2;78;213;68m─[38;2;97;215;62m─[38;2;116;217;57m─[38;2;135;219;51m─[38;2;154;221;45m─[38;2;173;223;40m─[38;2;192;225;34m─[38;2;211;227;28m─[38;2;230;229;22m─[38;2;240;225;20m─[38;2;242;217;20m─[38;2;243;208;20m─[38;2;245;200;20m─[38;2;246;191;20m─[38;2;247;182;20m─[38;2;249;174;20m─[38;2;250;165;20m─[38;2;252;157;20m─[38;2;253;148;20m─[38;2;255;140;20m─[38;2;251;130;22m─[38;2;248;120;25m─[38;2;245;111;28m─[38;2;241;101;31m─[38;2;238;92;34m─[38;2;235;82;37m─[38;2;231;73;40m─[38;2;228;63;42m─[38;2;225;54;45m─[38;2;221;44;48m─[38;2;217;40;57m─[38;2;212;42;72m─[38;2;208;44;88m─[38;2;203;46;103m─[38;2;198;48;118m─[38;2;193;50;133m─[38;2;189;52;149m─[38;2;184;54;164m─[38;2;171;61;171m─[38;2;154;73;168m─[38;2;138;84;158m╯[0m

