

[38;2;40;210;80m╭[38;2;58;211;74m─[38;2;77;213;68m─[38;5;244m[3m51e977df-b46f-40d9-82b0-e…[23m[38;2;230;70;40m─[38;2;204;204;0m▗[38;2;204;198;0m▄[38;2;204;192;0m▄[38;2;204;187;0m▄[38;2;204;181;0m▄[38;2;204;176;0m▄[38;2;204;170;0m▄[38;2;204;165;0m▄[38;2;204;159;0m▄[38;2;204;154;0m▄[38;2;204;148;0m▄[38;2;204;143;0m▄[38;2;204;137;0m▄[38;2;204;132;0m▖[0m
[38;2;40;210;80m│[0m [38;5;114m58.0%[0m [38;2;252;154;20m -02.00%[0m [38;5;244m2h0m[0m        [38;2;204;204;0m▐[48;2;204;204;0m[38;2;15;15;15m󰢹[48;2;204;197;0m [48;2;204;190;0m [48;2;204;184;0mO[48;2;204;177;0mp[48;2;204;171;0mu[48;2;204;164;0ms[48;2;204;158;0m [48;2;204;151;0m4[48;2;204;145;0m.[48;2;204;138;0m7[48;2;204;132;0m [49m[39m[38;2;204;132;0m▌[0m[0m
[38;2;40;210;80m├[38;2;53;194;68m┄[38;2;64;179;57m┄[38;2;72;163;48m┄[38;2;77;147;39m┄[38;2;79;131;31m┄[38;2;90;132;27m┄[38;2;102;133;24m┄[38;2;113;134;21m┄[38;2;124;136;17m┄[38;2;135;137;14m┄[38;2;144;136;12m┄[38;2;145;131;12m┄[38;2;145;126;12m┄[38;2;146;121;12m┄[38;2;147;116;12m┄[38;2;148;111;12m┄[38;2;149;106;12m┄[38;2;150;101;12m┄[38;2;150;96;12m┄[38;2;151;91;12m┄[38;2;152;86;12m┄[38;2;152;81;12m┄[38;2;150;75;14m┄[38;2;148;70;16m┄[38;2;146;64;17m┄[38;2;144;58;19m┄[38;2;142;53;21m┄[38;2;140;47;22m┄[38;2;138;42;24m┄[38;2;204;204;0m▝[38;2;204;198;0m▀[38;2;204;192;0m▀[38;2;204;187;0m▀[38;2;204;181;0m▀[38;2;204;176;0m▀[38;2;204;170;0m▀[38;2;204;165;0m▀[38;2;204;159;0m▀[38;2;204;154;0m▀[38;2;204;148;0m▀[38;2;204;143;0m▀[38;2;204;137;0m▀[38;2;204;132;0m▘[0m
[38;2;40;210;80m│[0m [38;5;196m[1m󰢨[0m  [38;5;222m5/8[0m  [38;5;216m[1m1:07[0m                             [38;2;138;84;158m│[0m
[38;2;40;210;80m├[38;2;53;194;68m┄[38;2;64;179;57m┄[38;2;72;163;48m┄[38;2;77;147;39m┄[38;2;79;131;31m┄[38;2;90;132;27m┄[38;2;102;133;24m┄[38;2;113;134;21m┄[38;2;124;136;17m┄[38;2;135;137;14m┄[38;2;144;136;12m┄[38;2;145;131;12m┄[38;2;145;126;12m┄[38;2;146;121;12m┄[38;2;147;116;12m┄[38;2;148;111;12m┄[38;2;149;106;12m┄[38;2;150;101;12m┄[38;2;150;96;12m┄[38;2;151;91;12m┄[38;2;152;86;12m┄[38;2;152;81;12m┄[38;2;150;75;14m┄[38;2;148;70;16m┄[38;2;146;64;17m┄[38;2;144;58;19m┄[38;2;142;53;21m┄[38;2;140;47;22m┄[38;2;138;42;24m┄[38;2;136;36;26m┄[38;2;134;30;27m┄[38;2;132;25;29m┄[38;2;129;24;36m┄[38;2;127;25;45m┄[38;2;124;27;54m┄[38;2;121;28;63m┄[38;2;118;29;72m┄[38;2;115;30;81m┄[38;2;128;35;102m┄[38;2;139;41;125m┄[38;2;145;53;146m┄[38;2;144;69;157m┄[38;2;138;84;158m┤[0m
[38;2;40;210;80m│[0m [38;5;214m[1m▶[0m  [38;5;222mgrep-bot[0m  [38;5;114msonnet[0m  [38;5;216mGrep[0m  [38;5;114m 2.9K[0m  [38;5;216m1m30s[0m [38;2;138;84;158m│[0m
[38;2;40;210;80m│[0m [38;5;248m✓[0m  [38;5;248mnarrator[0m  [38;5;248mhaiku[0m  [38;5;248m(replying)[0m [38;5;114m 4.1K[0m  [38;5;216m   0s[0m[38;2;138;84;158m│[0m
[38;2;40;210;80m│[0m [38;5;214m[1m▶[0m  [38;5;222mclaude[0m  [38;5;114msonnet[0m  [38;5;216mRead[0m    [38;5;114m 5.4K[0m  [38;5;216m1m30s[0m [38;2;138;84;158m│[0m
[38;2;40;210;80m│[0m [38;5;214m[1m▶[0m  [38;5;222mgeneral-purpose[0m  [38;5;75mhaiku[0m  [38;5;216mEdit[0m [38;5;114m 8.7K[0m  [38;5;216m1m30s[0m[38;2;138;84;158m│[0m
[38;2;40;210;80m│[0m [38;5;214m[1m▶[0m  [38;5;222mexplore[0m  [38;5;114msonnet[0m  [38;5;216mBash[0m   [38;5;114m 3.2K[0m  [38;5;216m1m30s[0m [38;2;138;84;158m│[0m
[38;2;40;210;80m├[38;2;53;194;68m┄[38;2;64;179;57m┄[38;2;72;163;48m┄[38;2;77;147;39m┄[38;2;79;131;31m┄[38;2;90;132;27m┄[38;2;102;133;24m┄[38;2;113;134;21m┄[38;2;124;136;17m┄[38;2;135;137;14m┄[38;2;144;136;12m┄[38;2;145;131;12m┄[38;2;145;126;12m┄[38;2;146;121;12m┄[38;2;147;116;12m┄[38;2;148;111;12m┄[38;2;149;106;12m┄[38;2;150;101;12m┄[38;2;150;96;12m┄[38;2;151;91;12m┄[38;2;152;86;12m┄[38;2;152;81;12m┄[38;2;150;75;14m┄[38;2;148;70;16m┄[38;2;146;64;17m┄[38;2;144;58;19m┄[38;2;142;53;21m┄[38;2;140;47;22m┄[38;2;138;42;24m┄[38;2;136;36;26m┄[38;2;134;30;27m┄[38;2;132;25;29m┄[38;2;129;24;36m┄[38;2;127;25;45m┄[38;2;124;27;54m┄[38;2;121;28;63m┄[38;2;118;29;72m┄[38;2;115;30;81m┄[38;2;128;35;102m┄[38;2;139;41;125m┄[38;2;145;53;146m┄[38;2;144;69;157m┄[38;2;138;84;158m┤[0m
[38;2;40;210;80m│[0m  [1m[38;5;214m100%[0m [48;2;40;210;80m [48;2;65;212;72m [48;2;90;215;65m [48;2;115;217;57m [48;2;140;220;50m [48;2;165;222;42m [48;2;190;225;35m [48;2;215;227;27m [48;2;240;230;20m [48;2;241;218;20m [48;2;243;207;20m [48;2;245;196;20m [48;2;247;185;20m [48;2;249;173;20m [48;2;251;162;20m [48;2;253;151;20m [48;2;255;140;20m [48;2;250;127;23m [48;2;246;115;27m [48;2;241;102;31m [48;2;237;90;35m [48;2;233;77;38m [48;2;228;65;42m [48;2;224;52;46m [48;2;220;40;50m [48;2;213;42;70m [48;2;207;45;90m [48;2;201;47;110m [48;2;195;50;130m [48;2;188;52;150m [48;2;182;55;170m [48;2;176;57;190m [48;2;170;60;210m [49m[38;2;170;60;210m[0m[1m[38;5;214m[0m [38;2;138;84;158m│[0m
[38;2;40;210;80m╰[38;2;58;211;74m─[38;2;77;213;68m─[38;2;95;215;63m─[38;2;114;217;57m─[38;2;133;219;52m─[38;2;151;221;46m─[38;2;170;223;40m─[38;2;188;224;35m─[38;2;207;226;29m─[38;2;226;228;24m─[38;2;240;227;20m─[38;2;241;219;20m─[38;2;243;211;20m─[38;2;244;202;20m─[38;2;245;194;20m─[38;2;247;186;20m─[38;2;248;177;20m─[38;2;250;169;20m─[38;2;251;160;20m─[38;2;252;152;20m─[38;2;254;144;20m─[38;2;253;135;21m─[38;2;250;126;24m─[38;2;246;116;26m─[38;2;243;107;29m─[38;2;240;98;32m─[38;2;237;88;35m─[38;2;233;79;38m─[38;2;230;70;40m─[38;2;227;60;43m─[38;2;224;51;46m─[38;2;220;42;49m─[38;2;216;41;61m─[38;2;211;43;76m─[38;2;207;45;90m─[38;2;202;46;105m─[38;2;197;48;120m─[38;2;193;50;135m─[38;2;188;52;150m─[38;2;183;54;165m─[38;2;171;61;171m─[38;2;153;73;168m─[38;2;138;84;158m╯[0m

