

[38;2;40;210;80m╭[38;2;58;211;74m─[38;2;76;213;69m─[38;5;244m[3m51e977df-b46f-40d9-82b0-eb…[23m[38;2;229;67;41m─[38;2;204;204;0m▗[38;2;204;198;0m▄[38;2;204;192;0m▄[38;2;204;187;0m▄[38;2;204;181;0m▄[38;2;204;176;0m▄[38;2;204;170;0m▄[38;2;204;165;0m▄[38;2;204;159;0m▄[38;2;204;154;0m▄[38;2;204;148;0m▄[38;2;204;143;0m▄[38;2;204;137;0m▄[38;2;204;132;0m▖[0m
[38;2;40;210;80m│[0m [38;5;114m58.0%[0m [38;2;252;154;20m -02.00%[0m [38;5;244m2h0m[0m         [38;2;204;204;0m▐[48;2;204;204;0m[38;2;15;15;15m󰢹[48;2;204;197;0m [48;2;204;190;0m [48;2;204;184;0mO[48;2;204;177;0mp[48;2;204;171;0mu[48;2;204;164;0ms[48;2;204;158;0m [48;2;204;151;0m4[48;2;204;145;0m.[48;2;204;138;0m7[48;2;204;132;0m [49m[39m[38;2;204;132;0m▌[0m[0m
[38;2;40;210;80m├[38;2;53;194;68m┄[38;2;64;179;58m┄[38;2;71;163;48m┄[38;2;76;147;39m┄[38;2;78;131;31m┄[38;2;89;132;28m┄[38;2;100;133;25m┄[38;2;111;134;21m┄[38;2;122;135;18m┄[38;2;133;136;15m┄[38;2;144;138;12m┄[38;2;144;133;12m┄[38;2;145;128;12m┄[38;2;146;123;12m┄[38;2;147;118;12m┄[38;2;148;113;12m┄[38;2;148;108;12m┄[38;2;149;103;12m┄[38;2;150;98;12m┄[38;2;151;93;12m┄[38;2;152;88;12m┄[38;2;153;84;12m┄[38;2;151;78;13m┄[38;2;149;73;15m┄[38;2;147;67;16m┄[38;2;145;62;18m┄[38;2;143;56;20m┄[38;2;141;51;21m┄[38;2;139;45;23m┄[38;2;137;40;25m┄[38;2;204;204;0m▝[38;2;204;198;0m▀[38;2;204;192;0m▀[38;2;204;187;0m▀[38;2;204;181;0m▀[38;2;204;176;0m▀[38;2;204;170;0m▀[38;2;204;165;0m▀[38;2;204;159;0m▀[38;2;204;154;0m▀[38;2;204;148;0m▀[38;2;204;143;0m▀[38;2;204;137;0m▀[38;2;204;132;0m▘[0m
[38;2;40;210;80m│[0m [38;5;196m[1m󰢨[0m  [38;5;222m5/8[0m  [38;5;216m[1m1:07[0m                              [38;2;138;84;158m│[0m
[38;2;40;210;80m├[38;2;53;194;68m┄[38;2;64;179;58m┄[38;2;71;163;48m┄[38;2;76;147;39m┄[38;2;78;131;31m┄[38;2;89;132;28m┄[38;2;100;133;25m┄[38;2;111;134;21m┄[38;2;122;135;18m┄[38;2;133;136;15m┄[38;2;144;138;12m┄[38;2;144;133;12m┄[38;2;145;128;12m┄[38;2;146;123;12m┄[38;2;147;118;12m┄[38;2;148;113;12m┄[38;2;148;108;12m┄[38;2;149;103;12m┄[38;2;150;98;12m┄[38;2;151;93;12m┄[38;2;152;88;12m┄[38;2;153;84;12m┄[38;2;151;78;13m┄[38;2;149;73;15m┄[38;2;147;67;16m┄[38;2;145;62;18m┄[38;2;143;56;20m┄[38;2;141;51;21m┄[38;2;139;45;23m┄[38;2;137;40;25m┄[38;2;135;34;26m┄[38;2;133;29;28m┄[38;2;132;24;30m┄[38;2;129;25;38m┄[38;2;126;26;47m┄[38;2;123;27;56m┄[38;2;121;28;64m┄[38;2;118;29;73m┄[38;2;115;30;82m┄[38;2;127;35;103m┄[38;2;139;41;126m┄[38;2;144;54;145m┄[38;2;143;70;156m┄[38;2;138;84;158m┤[0m
[38;2;40;210;80m│[0m [38;5;214m[1m▶[0m  [38;5;222mgrep-bot[0m  [38;5;114msonnet[0m  [38;5;216mGrep[0m   [38;5;114m 2.9K[0m  [38;5;216m1m30s[0m [38;2;138;84;158m│[0m
[38;2;40;210;80m│[0m [38;5;248m✓[0m  [38;5;248mnarrator[0m  [38;5;248mhaiku[0m  [38;5;248m(replying)[0m [38;5;114m 4.1K[0m  [38;5;216m   0s[0m[38;2;138;84;158m│[0m
[38;2;40;210;80m│[0m [38;5;214m[1m▶[0m  [38;5;222mclaude[0m  [38;5;114msonnet[0m  [38;5;216mRead[0m     [38;5;114m 5.4K[0m  [38;5;216m1m30s[0m [38;2;138;84;158m│[0m
[38;2;40;210;80m│[0m [38;5;214m[1m▶[0m  [38;5;222mgeneral-purpose[0m  [38;5;75mhaiku[0m  [38;5;216mEdit[0m [38;5;114m 8.7K[0m  [38;5;216m1m30s[0m[38;2;138;84;158m│[0m
[38;2;40;210;80m│[0m [38;5;214m[1m▶[0m  [38;5;222mexplore[0m  [38;5;114msonnet[0m  [38;5;216mBash[0m    [38;5;114m 3.2K[0m  [38;5;216m1m30s[0m [38;2;138;84;158m│[0m
[38;2;40;210;80m├[38;2;53;194;68m┄[38;2;64;179;58m┄[38;2;71;163;48m┄[38;2;76;147;39m┄[38;2;78;131;31m┄[38;2;89;132;28m┄[38;2;100;133;25m┄[38;2;111;134;21m┄[38;2;122;135;18m┄[38;2;133;136;15m┄[38;2;144;138;12m┄[38;2;144;133;12m┄[38;2;145;128;12m┄[38;2;146;123;12m┄[38;2;147;118;12m┄[38;2;148;113;12m┄[38;2;148;108;12m┄[38;2;149;103;12m┄[38;2;150;98;12m┄[38;2;151;93;12m┄[38;2;152;88;12m┄[38;2;153;84;12m┄[38;2;151;78;13m┄[38;2;149;73;15m┄[38;2;147;67;16m┄[38;2;145;62;18m┄[38;2;143;56;20m┄[38;2;141;51;21m┄[38;2;139;45;23m┄[38;2;137;40;25m┄[38;2;135;34;26m┄[38;2;133;29;28m┄[38;2;132;24;30m┄[38;2;129;25;38m┄[38;2;126;26;47m┄[38;2;123;27;56m┄[38;2;121;28;64m┄[38;2;118;29;73m┄[38;2;115;30;82m┄[38;2;127;35;103m┄[38;2;139;41;126m┄[38;2;144;54;145m┄[38;2;143;70;156m┄[38;2;138;84;158m┤[0m
[38;2;40;210;80m│[0m  [1m[38;5;214m100%[0m [48;2;40;210;80m [48;2;64;212;72m [48;2;88;214;65m [48;2;112;217;58m [48;2;136;219;50m [48;2;161;222;43m [48;2;185;224;36m [48;2;209;226;29m [48;2;233;229;21m [48;2;241;221;20m [48;2;243;210;20m [48;2;245;200;20m [48;2;246;189;20m [48;2;248;178;20m [48;2;250;167;20m [48;2;252;156;20m [48;2;254;145;20m [48;2;252;133;21m [48;2;248;121;25m [48;2;244;109;29m [48;2;240;97;32m [48;2;235;85;36m [48;2;231;73;40m [48;2;227;61;43m [48;2;223;49;47m [48;2;218;40;54m [48;2;212;43;74m [48;2;206;45;93m [48;2;200;47;113m [48;2;194;50;132m [48;2;188;52;151m [48;2;182;55;171m [48;2;176;57;190m [48;2;170;60;210m [49m[38;2;170;60;210m[0m[1m[38;5;214m[0m [38;2;138;84;158m│[0m
[38;2;40;210;80m╰[38;2;58;211;74m─[38;2;76;213;69m─[38;2;94;215;63m─[38;2;112;217;58m─[38;2;130;219;52m─[38;2;149;220;47m─[38;2;167;222;41m─[38;2;185;224;36m─[38;2;203;226;30m─[38;2;221;228;25m─[38;2;240;230;20m─[38;2;241;221;20m─[38;2;242;213;20m─[38;2;244;205;20m─[38;2;245;197;20m─[38;2;246;189;20m─[38;2;248;180;20m─[38;2;249;172;20m─[38;2;250;164;20m─[38;2;252;156;20m─[38;2;253;148;20m─[38;2;255;140;20m─[38;2;251;130;22m─[38;2;248;121;25m─[38;2;245;112;28m─[38;2;242;103;30m─[38;2;239;94;33m─[38;2;235;85;36m─[38;2;232;76;39m─[38;2;229;67;41m─[38;2;226;58;44m─[38;2;223;49;47m─[38;2;220;40;50m─[38;2;215;41;64m─[38;2;210;43;79m─[38;2;206;45;93m─[38;2;201;47;108m─[38;2;197;49;122m─[38;2;192;50;137m─[38;2;188;52;151m─[38;2;183;54;166m─[38;2;170;62;171m─[38;2;153;73;167m─[38;2;138;84;158m╯[0m

