

[38;2;40;210;80m╭[38;2;57;211;74m─[38;2;75;213;69m─[38;5;244m[3m51e977df-b46f-40d9-82b0-eb9…[23m[38;2;228;64;42m─[38;2;204;204;0m▗[38;2;204;198;0m▄[38;2;204;192;0m▄[38;2;204;187;0m▄[38;2;204;181;0m▄[38;2;204;176;0m▄[38;2;204;170;0m▄[38;2;204;165;0m▄[38;2;204;159;0m▄[38;2;204;154;0m▄[38;2;204;148;0m▄[38;2;204;143;0m▄[38;2;204;137;0m▄[38;2;204;132;0m▖[0m
[38;2;40;210;80m│[0m [38;5;114m58.0%[0m [38;2;252;154;20m -02.00%[0m [38;5;244m2h0m[0m          [38;2;204;204;0m▐[48;2;204;204;0m[38;2;15;15;15m󰢹[48;2;204;197;0m [48;2;204;190;0m [48;2;204;184;0mO[48;2;204;177;0mp[48;2;204;171;0mu[48;2;204;164;0ms[48;2;204;158;0m [48;2;204;151;0m4[48;2;204;145;0m.[48;2;204;138;0m7[48;2;204;132;0m [49m[39m[38;2;204;132;0m▌[0m[0m
[38;2;40;210;80m├[38;2;53;194;68m┄[38;2;63;179;58m┄[38;2;70;163;48m┄[38;2;75;147;39m┄[38;2;77;131;32m┄[38;2;88;132;28m┄[38;2;98;133;25m┄[38;2;109;134;22m┄[38;2;120;135;19m┄[38;2;130;136;16m┄[38;2;141;137;12m┄[38;2;144;134;12m┄[38;2;145;129;12m┄[38;2;146;124;12m┄[38;2;147;120;12m┄[38;2;147;115;12m┄[38;2;148;110;12m┄[38;2;149;105;12m┄[38;2;150;100;12m┄[38;2;151;96;12m┄[38;2;151;91;12m┄[38;2;152;86;12m┄[38;2;152;81;12m┄[38;2;150;76;14m┄[38;2;148;70;16m┄[38;2;146;65;17m┄[38;2;144;60;19m┄[38;2;142;54;20m┄[38;2;140;49;22m┄[38;2;139;44;24m┄[38;2;137;38;25m┄[38;2;204;204;0m▝[38;2;204;198;0m▀[38;2;204;192;0m▀[38;2;204;187;0m▀[38;2;204;181;0m▀[38;2;204;176;0m▀[38;2;204;170;0m▀[38;2;204;165;0m▀[38;2;204;159;0m▀[38;2;204;154;0m▀[38;2;204;148;0m▀[38;2;204;143;0m▀[38;2;204;137;0m▀[38;2;204;132;0m▘[0m
[38;2;40;210;80m│[0m [38;5;196m[1m󰢨[0m  [38;5;222m5/8[0m  [38;5;216m[1m1:07[0m                               [38;2;138;84;158m│[0m
[38;2;40;210;80m├[38;2;53;194;68m┄[38;2;63;179;58m┄[38;2;70;163;48m┄[38;2;75;147;39m┄[38;2;77;131;32m┄[38;2;88;132;28m┄[38;2;98;133;25m┄[38;2;109;134;22m┄[38;2;120;135;19m┄[38;2;130;136;16m┄[38;2;141;137;12m┄[38;2;144;134;12m┄[38;2;145;129;12m┄[38;2;146;124;12m┄[38;2;147;120;12m┄[38;2;147;115;12m┄[38;2;148;110;12m┄[38;2;149;105;12m┄[38;2;150;100;12m┄[38;2;151;96;12m┄[38;2;151;91;12m┄[38;2;152;86;12m┄[38;2;152;81;12m┄[38;2;150;76;14m┄[38;2;148;70;16m┄[38;2;146;65;17m┄[38;2;144;60;19m┄[38;2;142;54;20m┄[38;2;140;49;22m┄[38;2;139;44;24m┄[38;2;137;38;25m┄[38;2;135;33;27m┄[38;2;133;28;28m┄[38;2;131;24;32m┄[38;2;128;25;40m┄[38;2;126;26;49m┄[38;2;123;27;57m┄[38;2;120;28;66m┄[38;2;117;29;74m┄[38;2;115;30;83m┄[38;2;127;35;104m┄[38;2;139;41;127m┄[38;2;144;54;146m┄[38;2;143;70;157m┄[38;2;138;84;158m┤[0m
[38;2;40;210;80m│[0m [38;5;214m[1m▶[0m  [38;5;222mgrep-bot[0m  [38;5;114msonnet[0m  [38;5;216mGrep[0m    [38;5;114m 2.9K[0m  [38;5;216m1m30s[0m [38;2;138;84;158m│[0m
[38;2;40;210;80m│[0m [38;5;248m✓[0m  [38;5;248mnarrator[0m  [38;5;248mhaiku[0m  [38;5;248m(replying)[0m [38;5;114m 4.1K[0m  [38;5;216m   0s[0m[38;2;138;84;158m│[0m
[38;2;40;210;80m│[0m [38;5;214m[1m▶[0m  [38;5;222mclaude[0m  [38;5;114msonnet[0m  [38;5;216mRead[0m      [38;5;114m 5.4K[0m  [38;5;216m1m30s[0m [38;2;138;84;158m│[0m
[38;2;40;210;80m│[0m [38;5;214m[1m▶[0m  [38;5;222mgeneral-purpose[0m  [38;5;75mhaiku[0m  [38;5;216mEdit[0m [38;5;114m 8.7K[0m  [38;5;216m1m30s[0m[38;2;138;84;158m│[0m
[38;2;40;210;80m│[0m [38;5;214m[1m▶[0m  [38;5;222mexplore[0m  [38;5;114msonnet[0m  [38;5;216mBash[0m     [38;5;114m 3.2K[0m  [38;5;216m1m30s[0m [38;2;138;84;158m│[0m
[38;2;40;210;80m├[38;2;53;194;68m┄[38;2;63;179;58m┄[38;2;70;163;48m┄[38;2;75;147;39m┄[38;2;77;131;32m┄[38;2;88;132;28m┄[38;2;98;133;25m┄[38;2;109;134;22m┄[38;2;120;135;19m┄[38;2;130;136;16m┄[38;2;141;137;12m┄[38;2;144;134;12m┄[38;2;145;129;12m┄[38;2;146;124;12m┄[38;2;147;120;12m┄[38;2;147;115;12m┄[38;2;148;110;12m┄[38;2;149;105;12m┄[38;2;150;100;12m┄[38;2;151;96;12m┄[38;2;151;91;12m┄[38;2;152;86;12m┄[38;2;152;81;12m┄[38;2;150;76;14m┄[38;2;148;70;16m┄[38;2;146;65;17m┄[38;2;144;60;19m┄[38;2;142;54;20m┄[38;2;140;49;22m┄[38;2;139;44;24m┄[38;2;137;38;25m┄[38;2;135;33;27m┄[38;2;133;28;28m┄[38;2;131;24;32m┄[38;2;128;25;40m┄[38;2;126;26;49m┄[38;2;123;27;57m┄[38;2;120;28;66m┄[38;2;117;29;74m┄[38;2;115;30;83m┄[38;2;127;35;104m┄[38;2;139;41;127m┄[38;2;144;54;146m┄[38;2;143;70;157m┄[38;2;138;84;158m┤[0m
[38;2;40;210;80m│[0m  [1m[38;5;214m100%[0m [48;2;40;210;80m [48;2;63;212;72m [48;2;87;214;65m [48;2;110;217;58m [48;2;134;219;51m [48;2;157;221;44m [48;2;181;224;37m [48;2;204;226;30m [48;2;228;228;23m [48;2;240;224;20m [48;2;242;214;20m [48;2;244;203;20m [48;2;246;192;20m [48;2;247;182;20m [48;2;249;171;20m [48;2;251;161;20m [48;2;253;150;20m [48;2;255;140;20m [48;2;250;128;23m [48;2;246;116;27m [48;2;242;104;30m [48;2;238;92;34m [48;2;234;81;37m [48;2;230;69;41m [48;2;226;57;44m [48;2;222;45;48m [48;2;217;41;59m [48;2;211;43;78m [48;2;205;45;97m [48;2;199;48;115m [48;2;193;50;134m [48;2;187;52;153m [48;2;181;55;172m [48;2;175;57;191m [48;2;170;60;210m [49m[38;2;170;60;210m[0m[1m[38;5;214m[0m [38;2;138;84;158m│[0m
[38;2;40;210;80m╰[38;2;57;211;74m─[38;2;75;213;69m─[38;2;93;215;64m─[38;2;111;217;58m─[38;2;128;218;53m─[38;2;146;220;48m─[38;2;164;222;42m─[38;2;182;224;37m─[38;2;200;226;32m─[38;2;217;227;26m─[38;2;235;229;21m─[38;2;241;224;20m─[38;2;242;216;20m─[38;2;243;208;20m─[38;2;245;200;20m─[38;2;246;192;20m─[38;2;247;184;20m─[38;2;249;176;20m─[38;2;250;168;20m─[38;2;251;160;20m─[38;2;253;152;20m─[38;2;254;144;20m─[38;2;253;135;21m─[38;2;250;126;24m─[38;2;247;117;26m─[38;2;244;108;29m─[38;2;241;100;31m─[38;2;237;91;34m─[38;2;234;82;37m─[38;2;231;73;40m─[38;2;228;64;42m─[38;2;225;55;45m─[38;2;222;46;47m─[38;2;218;40;53m─[38;2;214;42;67m─[38;2;210;44;82m─[38;2;205;45;96m─[38;2;201;47;110m─[38;2;196;49;124m─[38;2;192;51;138m─[38;2;187;52;153m─[38;2;183;54;167m─[38;2;168;62;171m─[38;2;153;73;167m─[38;2;138;84;158m╯[0m

