

[38;2;40;210;80m╭[38;2;56;211;75m─[38;2;73;213;70m─[38;5;244m[3m51e977df-b46f-40d9-82b0-eb9ded…[23m[38;2;225;56;45m─[38;2;204;204;0m▗[38;2;204;198;0m▄[38;2;204;192;0m▄[38;2;204;187;0m▄[38;2;204;181;0m▄[38;2;204;176;0m▄[38;2;204;170;0m▄[38;2;204;165;0m▄[38;2;204;159;0m▄[38;2;204;154;0m▄[38;2;204;148;0m▄[38;2;204;143;0m▄[38;2;204;137;0m▄[38;2;204;132;0m▖[0m
[38;2;40;210;80m│[0m [38;5;114m58.0%[0m [38;2;252;154;20m -02.00%[0m [38;5;244m2h0m[0m             [38;2;204;204;0m▐[48;2;204;204;0m[38;2;15;15;15m󰢹[48;2;204;197;0m [48;2;204;190;0m [48;2;204;184;0mO[48;2;204;177;0mp[48;2;204;171;0mu[48;2;204;164;0ms[48;2;204;158;0m [48;2;204;151;0m4[48;2;204;145;0m.[48;2;204;138;0m7[48;2;204;132;0m [49m[39m[38;2;204;132;0m▌[0m[0m
[38;2;40;210;80m├[38;2;52;194;69m┄[38;2;61;179;58m┄[38;2;68;163;49m┄[38;2;72;147;40m┄[38;2;74;131;33m┄[38;2;84;132;30m┄[38;2;94;133;27m┄[38;2;103;134;24m┄[38;2;114;135;21m┄[38;2;124;136;18m┄[38;2;133;137;15m┄[38;2;144;138;12m┄[38;2;144;133;12m┄[38;2;145;129;12m┄[38;2;146;124;12m┄[38;2;147;120;12m┄[38;2;147;115;12m┄[38;2;148;111;12m┄[38;2;149;106;12m┄[38;2;150;102;12m┄[38;2;150;97;12m┄[38;2;151;93;12m┄[38;2;152;88;12m┄[38;2;153;84;12m┄[38;2;151;78;13m┄[38;2;149;74;14m┄[38;2;147;69;16m┄[38;2;145;63;18m┄[38;2;144;59;19m┄[38;2;142;54;21m┄[38;2;140;48;22m┄[38;2;139;44;24m┄[38;2;137;39;25m┄[38;2;135;33;27m┄[38;2;204;204;0m▝[38;2;204;198;0m▀[38;2;204;192;0m▀[38;2;204;187;0m▀[38;2;204;181;0m▀[38;2;204;176;0m▀[38;2;204;170;0m▀[38;2;204;165;0m▀[38;2;204;159;0m▀[38;2;204;154;0m▀[38;2;204;148;0m▀[38;2;204;143;0m▀[38;2;204;137;0m▀[38;2;204;132;0m▘[0m
[38;2;40;210;80m│[0m [38;5;202m[1m󰢨[0m  [38;5;222m5/8[0m  [38;5;216m[1m1:07[0m                                  [38;2;138;84;158m│[0m
[38;2;40;210;80m├[38;2;52;194;69m┄[38;2;61;179;58m┄[38;2;68;163;49m┄[38;2;72;147;40m┄[38;2;74;131;33m┄[38;2;84;132;30m┄[38;2;94;133;27m┄[38;2;103;134;24m┄[38;2;114;135;21m┄[38;2;124;136;18m┄[38;2;133;137;15m┄[38;2;144;138;12m┄[38;2;144;133;12m┄[38;2;145;129;12m┄[38;2;146;124;12m┄[38;2;147;120;12m┄[38;2;147;115;12m┄[38;2;148;111;12m┄[38;2;149;106;12m┄[38;2;150;102;12m┄[38;2;150;97;12m┄[38;2;151;93;12m┄[38;2;152;88;12m┄[38;2;153;84;12m┄[38;2;151;78;13m┄[38;2;149;74;14m┄[38;2;147;69;16m┄[38;2;145;63;18m┄[38;2;144;59;19m┄[38;2;142;54;21m┄[38;2;140;48;22m┄[38;2;139;44;24m┄[38;2;137;39;25m┄[38;2;135;33;27m┄[38;2;133;29;28m┄[38;2;132;24;30m┄[38;2;129;25;38m┄[38;2;127;25;45m┄[38;2;124;27;54m┄[38;2;121;28;62m┄[38;2;119;28;69m┄[38;2;117;30;78m┄[38;2;114;31;86m┄[38;2;126;36;106m┄[38;2;138;41;129m┄[38;2;142;56;146m┄[38;2;143;70;156m┄[38;2;138;84;158m┤[0m
[38;2;40;210;80m│[0m [38;5;220m[1m▶[0m  [38;5;222mgrep-bot[0m  [38;5;114msonnet[0m  [38;5;216mGrep[0m       [38;5;114m 2.9K[0m  [38;5;216m1m30s[0m [38;2;138;84;158m│[0m
[38;2;40;210;80m│[0m [38;5;248m✓[0m  [38;5;248mnarrator[0m  [38;5;248mhaiku[0m  [38;5;248m(replying)[0m  [38;5;114m 4.1K[0m  [38;5;216m   0s[0m [38;2;138;84;158m│[0m
[38;2;40;210;80m│[0m [38;5;220m[1m▶[0m  [38;5;222mclaude[0m  [38;5;114msonnet[0m  [38;5;216mRead[0m         [38;5;114m 5.4K[0m  [38;5;216m1m30s[0m [38;2;138;84;158m│[0m
[38;2;40;210;80m│[0m [38;5;220m[1m▶[0m  [38;5;222mgeneral-purpose[0m  [38;5;75mhaiku[0m  [38;5;216mEdit[0m [38;5;114m 8.7K[0m  [38;5;216m1m30s[0m [38;2;138;84;158m│[0m
[38;2;40;210;80m│[0m [38;5;220m[1m▶[0m  [38;5;222mexplore[0m  [38;5;114msonnet[0m  [38;5;216mBash[0m        [38;5;114m 3.2K[0m  [38;5;216m1m30s[0m [38;2;138;84;158m│[0m
[38;2;40;210;80m├[38;2;52;194;69m┄[38;2;61;179;58m┄[38;2;68;163;49m┄[38;2;72;147;40m┄[38;2;74;131;33m┄[38;2;84;132;30m┄[38;2;94;133;27m┄[38;2;103;134;24m┄[38;2;114;135;21m┄[38;2;124;136;18m┄[38;2;133;137;15m┄[38;2;144;138;12m┄[38;2;144;133;12m┄[38;2;145;129;12m┄[38;2;146;124;12m┄[38;2;147;120;12m┄[38;2;147;115;12m┄[38;2;148;111;12m┄[38;2;149;106;12m┄[38;2;150;102;12m┄[38;2;150;97;12m┄[38;2;151;93;12m┄[38;2;152;88;12m┄[38;2;153;84;12m┄[38;2;151;78;13m┄[38;2;149;74;14m┄[38;2;147;69;16m┄[38;2;145;63;18m┄[38;2;144;59;19m┄[38;2;142;54;21m┄[38;2;140;48;22m┄[38;2;139;44;24m┄[38;2;137;39;25m┄[38;2;135;33;27m┄[38;2;133;29;28m┄[38;2;132;24;30m┄[38;2;129;25;38m┄[38;2;127;25;45m┄[38;2;124;27;54m┄[38;2;121;28;62m┄[38;2;119;28;69m┄[38;2;117;30;78m┄[38;2;114;31;86m┄[38;2;126;36;106m┄[38;2;138;41;129m┄[38;2;142;56;146m┄[38;2;143;70;156m┄[38;2;138;84;158m┤[0m
[38;2;40;210;80m│[0m  [1m[38;5;214m100%[0m [48;2;40;210;80m [48;2;61;212;73m [48;2;83;214;67m [48;2;104;216;60m [48;2;126;218;54m [48;2;148;220;47m [48;2;169;222;41m [48;2;191;225;34m [48;2;212;227;28m [48;2;234;229;21m [48;2;241;222;20m [48;2;242;212;20m [48;2;244;203;20m [48;2;246;193;20m [48;2;247;183;20m [48;2;249;174;20m [48;2;250;164;20m [48;2;252;154;20m [48;2;254;144;20m [48;2;253;134;21m [48;2;249;123;24m [48;2;245;112;28m [48;2;241;102;31m [48;2;237;91;34m [48;2;234;80;37m [48;2;230;69;41m [48;2;226;58;44m [48;2;222;48;47m [48;2;218;40;54m [48;2;213;42;71m [48;2;207;44;88m [48;2;202;47;106m [48;2;197;49;123m [48;2;191;51;140m [48;2;186;53;158m [48;2;180;55;175m [48;2;175;57;192m [48;2;170;60;210m [49m[38;2;170;60;210m[0m[1m[38;5;214m[0m [38;2;138;84;158m│[0m
[38;2;40;210;80m╰[38;2;56;211;75m─[38;2;73;213;70m─[38;2;90;215;65m─[38;2;106;216;60m─[38;2;123;218;55m─[38;2;140;220;50m─[38;2;156;221;45m─[38;2;173;223;40m─[38;2;190;225;35m─[38;2;206;226;30m─[38;2;223;228;25m─[38;2;240;230;20m─[38;2;241;222;20m─[38;2;242;215;20m─[38;2;243;207;20m─[38;2;245;200;20m─[38;2;246;192;20m─[38;2;247;185;20m─[38;2;248;177;20m─[38;2;250;170;20m─[38;2;251;162;20m─[38;2;252;155;20m─[38;2;253;147;20m─[38;2;255;140;20m─[38;2;252;131;22m─[38;2;249;123;24m─[38;2;246;115;27m─[38;2;243;106;30m─[38;2;240;98;32m─[38;2;237;90;35m─[38;2;234;81;37m─[38;2;231;73;40m─[38;2;228;65;42m─[38;2;225;56;45m─[38;2;222;48;47m─[38;2;220;40;50m─[38;2;215;41;63m─[38;2;211;43;76m─[38;2;207;45;90m─[38;2;203;46;103m─[38;2;199;48;116m─[38;2;195;50;130m─[38;2;190;51;143m─[38;2;186;53;156m─[38;2;182;55;170m─[38;2;167;63;171m─[38;2;152;74;167m─[38;2;138;84;158m╯[0m

